Grupo Inicial
[0, 1, 1, 0, 1] 30 True
[0, 0, 0, 1, 1] 27 True
[1, 0, 0, 1, 0] 15 True
[0, 1, 1, 0, 0] 15 True
[0, 0, 0, 0, 1] 15 True
[0, 0, 0, 1, 0] 12 True
[0, 0, 0, 1, 0] 12 True
[1, 1, 0, 1, 1] -1 False
[1, 0, 1, 1, 0] -1 False
[1, 0, 1, 1, 1] -1 False
Grupo Final
[0, 0, 1, 1, 1] 36 True
[0, 0, 0, 1, 1] 27 True
[0, 0, 0, 1, 1] 27 True
[0, 0, 0, 1, 1] 27 True
[0, 0, 1, 0, 1] 24 True
[0, 0, 1, 0, 1] 24 True
[0, 0, 1, 0, 1] 24 True
[0, 0, 1, 1, 0] 21 True
[1, 0, 1, 1, 1] -1 False
[1, 0, 1, 1, 1] -1 False
0.004876136779785156

Grupo Inicial
[0, 0, 1, 1, 1] 36 True
[0, 1, 1, 0, 1] 30 True
[0, 0, 1, 0, 1] 24 True
[0, 0, 1, 1, 0] 21 True
[0, 1, 1, 0, 0] 15 True
[1, 1, 0, 0, 0] 9 True
[0, 1, 0, 0, 0] 6 True
[0, 1, 1, 1, 1] -1 False
[0, 1, 1, 1, 1] -1 False
[1, 1, 1, 0, 0] -1 False
Grupo Final
[0, 0, 1, 1, 1] 36 True
[0, 0, 1, 1, 1] 36 True
[0, 1, 0, 1, 1] 33 True
[0, 0, 0, 1, 1] 27 True
[0, 1, 0, 1, 0] 18 True
[0, 0, 0, 0, 1] 15 True
[0, 0, 0, 1, 0] 12 True
[0, 0, 1, 0, 0] 9 True
[1, 1, 1, 0, 0] -1 False
[1, 1, 1, 0, 0] -1 False
0.005177736282348633

Grupo Inicial
[0, 1, 0, 0, 1] 21 True
[0, 0, 1, 1, 0] 21 True
[1, 0, 0, 1, 0] 15 True
[0, 0, 0, 1, 0] 12 True
[1, 0, 1, 0, 0] 12 True
[0, 1, 0, 0, 0] 6 True
[1, 1, 1, 0, 0] -1 False
[0, 1, 1, 1, 1] -1 False
[1, 1, 0, 1, 1] -1 False
[1, 1, 0, 1, 0] -1 False
Grupo Final
[0, 0, 1, 1, 1] 36 True
[0, 0, 1, 1, 1] 36 True
[0, 0, 1, 0, 1] 24 True
[1, 0, 0, 1, 0] 15 True
[0, 1, 1, 0, 0] 15 True
[0, 0, 0, 0, 1] 15 True
[1, 0, 1, 0, 0] 12 True
[1, 0, 1, 1, 0] -1 False
[1, 0, 1, 1, 1] -1 False
[1, 1, 0, 1, 0] -1 False
0.004851818084716797

Grupo Inicial
[0, 1, 0, 1, 1] 33 True
[1, 0, 0, 1, 1] 30 True
[0, 0, 0, 1, 1] 27 True
[1, 1, 0, 0, 0] 9 True
[0, 1, 0, 0, 0] 6 True
[1, 0, 0, 0, 0] 3 True
[0, 1, 1, 1, 1] -1 False
[1, 1, 0, 0, 1] -1 False
[0, 1, 1, 1, 1] -1 False
[1, 1, 1, 0, 1] -1 False
Grupo Final
[0, 0, 1, 1, 1] 36 True
[0, 0, 1, 1, 1] 36 True
[0, 0, 0, 1, 1] 27 True
[0, 0, 0, 1, 1] 27 True
[1, 0, 0, 1, 0] 15 True
[0, 0, 0, 0, 0] 0 True
[1, 0, 1, 1, 1] -1 False
[1, 0, 1, 1, 0] -1 False
[1, 0, 1, 1, 0] -1 False
[1, 1, 1, 0, 1] -1 False
0.0048406124114990234